1 0.0314399 0.0156788
2 0.064044 0.0326292
3 0.0425154 0.0218267
4 0.00666125 0.00412766
5 0.00426215 0.00225692
6 -0.080649 -0.0402282
7 -0.207839 -0.10549
8 -0.259722 -0.133825
9 -0.256144 -0.133006
10 -0.133631 -0.0716457
11 0.0466085 0.0208193
12 0.0310268 0.0159275
13 0.0166745 0.00892244
14 0.00223835 0.00143166
15 -0.00315352 -0.00153585
16 0.118296 0.0591243
17 0.178813 0.0916723
18 0.193228 0.0981506
19 0.172309 0.0898194
20 0.138436 0.0724815
21 0.0949242 0.0500793
22 0.0532755 0.0284288
23 0.0177794 0.0098913
24 -0.00669678 -0.00317746
25 -0.0214294 -0.0108463
26 -0.0281993 -0.0145088
27 0.0559232 0.0274511
28 0.18494 0.0935712
29 0.241372 0.124217
30 0.244048 0.126611
31 0.119948 0.0621718
32 -0.0491564 -0.0223499
33 -0.0303964 -0.0161266
34 -0.0141393 -0.00764233
35 -0.00161573 -0.00107275
36 0.00283195 0.00138661
37 -0.114313 -0.0571378
38 -0.175399 -0.0886453
39 -0.191587 -0.0991311
40 -0.174225 -0.0907472
41 -0.138151 -0.0723748
42 -0.0929249 -0.0490737
43 -0.0536976 -0.0286026
44 -0.01928 -0.0106499
45 0.00569153 0.00248694
46 0.020995 0.010536
47 0.0278896 0.0143458
48 0.0283388 0.0146994
49 0.0245828 0.0128287
50 0.0182396 0.00958497
51 0.0119538 0.00632156
52 0.00617868 0.00331473
53 0.00145038 0.000841166
54 -0.00180476 -0.000875798
55 0.0808205 0.0404008
56 0.122539 0.0628175
57 0.132013 0.0683378
58 0.119307 0.062158
59 0.00726606 0.00474347
60 -0.0625505 -0.0311581
61 -0.184714 -0.0935822
62 -0.235752 -0.121401
63 -0.237046 -0.123003
64 -0.203254 -0.106121
65 -0.0678661 -0.0377543
66 0.0290971 0.0132882
67 0.0876176 0.0443792
68 0.112919 0.0581316
69 0.111533 0.0579118
70 0.0971262 0.0506779
71 0.0728841 0.0382802
72 0.0468169 0.0247854
73 0.022513 0.0121387
74 0.00479791 0.00282139
75 -0.00788711 -0.0038562
76 -0.0149277 -0.00761584
77 -0.0171086 -0.00883857
78 -0.0161847 -0.00841711
79 -0.0134682 -0.00704081
80 -0.00876198 -0.00463547
81 -0.00477975 -0.00255516
82 -0.00173888 -0.000959344
83 -2.50826e-05 -4.50659e-05
84 0.000375741 0.000187514
85 0.000869597 0.000442086
86 0.00086179 0.000447415
87 0.000777566 0.000405132
88 0.000472757 0.000251061
89 7.58053e-06 1.26331e-05
