1 2.18367 0 0.254631
2 2.25146 0 0.353915
3 1.70949 0 0.235074
4 1.95526 0 0.29614
5 2.04712 0 0.319981
6 1.82764 0 0.240522
7 2.0842 0 0.315994
8 1.98892 0 0.321955
9 1.75891 0 0.293468
10 1.75136 0 0.27892
11 1.95941 0 0.299063
12 1.94618 0 0.249508
13 2.1691 0 0.331512
14 1.83127 0 0.311442
15 1.67097 0 0.275303
16 1.85384 0 0.283788
17 1.85378 0 0.294754
18 1.95973 0 0.247667
19 2.30146 0 0.345429
20 1.88813 0 0.325013
21 1.52296 0 0.264061
22 1.76613 0 0.266224
23 2.09971 0 0.313839
24 1.95219 0 0.254306
25 2.06033 0 0.321104
26 1.93665 0 0.315348
27 1.66339 0 0.280874
28 1.79826 0 0.277831
29 1.99647 0 0.305546
30 1.92275 0 0.310141
31 1.75183 0 0.229362
32 2.15104 0 0.318063
33 1.94917 0 0.32203
34 1.72833 0 0.288055
35 1.75455 0 0.2774
36 1.97422 0 0.300721
37 1.89302 0 0.305862
38 1.83143 0 0.236271
39 2.18028 0 0.325734
40 1.97446 0 0.326289
41 1.68727 0 0.285507
42 1.70517 0 0.270048
43 1.97886 0 0.298217
44 1.91031 0 0.307852
45 1.84175 0 0.296951
46 1.69593 0 0.221454
47 2.19099 0 0.318664
48 2.08778 0 0.33815
49 1.59253 0 0.282927
50 1.69174 0 0.263034
51 1.9403 0 0.293594
52 2.03563 0 0.317945
53 1.77678 0 0.298038
54 1.63678 0 0.268647
55 1.86399 0 0.282741
56 1.93284 0 0.303191
57 1.84918 0 0.299039
58 1.73127 0 0.282346
59 1.73803 0 0.222265
60 2.1627 0 0.318389
61 1.99185 0 0.326955
62 1.65445 0 0.283301
63 1.62655 0 0.260295
64 1.91582 0 0.287259
65 2.04991 0 0.31789
66 1.75631 0 0.296869
67 1.67212 0 0.270918
68 1.79725 0 0.278255
69 1.96005 0 0.30188
70 1.83203 0 0.298974
71 1.79169 0 0.287299
72 1.67885 0 0.273707
73 1.85339 0 0.284216
74 1.89112 0 0.298424
75 1.77737 0 0.289427
76 1.70614 0 0.27555
77 1.78189 0 0.278776
78 1.82513 0 0.287601
79 1.86486 0 0.294129
80 1.74656 0 0.284801
81 1.77343 0 0.280363
82 1.88082 0 0.292607
83 1.86654 0 0.297637
84 1.70995 0 0.281278
85 0.750089 0 0.176856
86 0.439802 0 0.0885457
87 0.95329 0 0.120764
88 0.966125 0 0.152844
89 0.9617 0 0.153176
